function Data

X = [	-1.506374434	-0.599289688	-0.892074435	-0.036347391	-0.755568809	0.100820699	-0.64725773	0.763106574	0.142847758	-2.166044777	1.293831638	0.380043217	0.221433516	-0.327962692	-0.453380402	-0.193342631	0.555768263	2.092042939	-0.106769292	-0.491063611	0.457460149	-1.842689181	0.77342353	-0.179620277	1.861312191	-0.371205481	-0.645558986	-1.239097118	-0.865793243	0.774777063	-0.589782055	1.182354887	-0.671262764	1.59267493	0.518911871	-0.777358123	0.28997997	0.765033407	1.190702651	1.997964397	-0.19546582	-0.603806826	1.102876799	-0.900238072	-1.251682496	-0.082165614	-0.769729507	0.190277746	1.052641464	-0.017972297	-1.141277174	1.534226648	0.07699867	-0.009533122	-0.571042138	-0.163117515	1.638900401	-0.470738763	0.103163371	0.654935362	-1.275301123	1.729781422	0.606285184	-0.927704822	-0.139621632	0.086268266	0.861188161	0.922563506	-0.744913384	-1.641631066	0.224567238	0.539588776	0.806470053	-1.270422566	0.417509322	-0.232462267	0.099482384	-0.111349514	-0.837807634	-2.382686088	-0.823800936	-0.985441648	-0.736618702	-0.254875483	0.241402693	1.136654144	-0.910249747	0.839991452	1.411867646	0.719052711	-0.461760428	-3.009043466	0.053197926	1.679987565	0.397497175	0.146190665	0.01104405	-0.888024894	2.646610541	0.968481534	];
																																																																																																					
Y = [   -0.126868501	0.698012802	0.341684361	-0.202530952	1.91061519	;...
-1.268069851	-1.578780783	-1.324088522	-0.734495043	-1.816370624	;...
-0.144813481	-0.541340408	2.181928425	1.225466416	-1.343736983	;...
-0.271614106	1.10259072	-0.172361622	1.522598366	0.384707786	;...
1.184766639	1.178219551	-1.548557703	0.815860068	1.013391734	;...
-0.247104077	-0.313884541	1.409893061	1.626514693	-0.015960427	;...
-1.034024536	1.393424173	-0.370568057	1.606515683	-0.100070891	;...
-0.260821145	-0.892672303	0.322107261	1.05887287	-0.64919377	;...
-0.189507468	0.204442283	0.783646089	0.027100852	-0.056939239	;...
0.025768339	-0.596816674	-0.192185852	0.825814077	-1.41600567	;...
-0.374657076	0.662078468	-0.283625147	-0.874960638	1.326111462	;...
-0.408784552	0.079245713	0.096924027	0.635820024	-0.401475256	;...
-0.698013188	-0.810605556	0.745526608	0.531250602	0.937761051	;...
0.353615636	-0.487856601	-0.024055795	2.214284442	0.280372446	;...
0.240846956	0.485322938	-0.500846274	-0.380776157	-0.42620634	;...
-0.43473394	-1.811195054	0.771106166	0.300529116	0.004197908	;...
1.452802246	-0.845508071	-0.241787808	0.126577765	0.146095143	;...
-0.193491684	0.016472565	0.631467644	-0.601400204	0.054058823	;...
0.057210525	1.071323542	0.074695821	-0.674277218	0.573464224	;...
-0.105402979	-0.409021408	-1.447213091	-0.205168325	-0.12665182	;...
-1.9104183	-0.856501679	-1.754358518	0.818612073	-1.522450657	;...
0.475102054	-1.239361941	-0.743207592	-0.10857449	0.032094204	;...
1.082166338	0.005888705	0.809756203	0.169621514	0.504185356	;...
1.310954473	-0.066080758	0.729492767	-0.178580447	1.620849919	;...
1.628266975	-0.140784897	-0.863916791	0.929649393	-0.987148377	;...
0.232877971	-1.903215699	-0.270905353	-0.202291244	-0.653373176	;...
0.754595936	1.440786903	-0.882187437	1.943792474	-0.663042726	;...
-0.909268444	-0.869710576	0.328648001	1.63437762	-1.49621099	;...
0.134606878	-1.67474712	-0.274998937	-0.623973007	-1.784793255	;...
-0.005649861	-0.502157283	-2.614339734	0.197273954	-0.887728424	;...
-1.206619677	0.849864723	-1.619805215	-1.001143326	-1.809383198	;...
0.60014242	0.425476171	-0.762316606	-0.070655849	0.506737162	;...
0.6119434	-0.489441858	0.775551243	-0.570817992	-0.003194031	;...
-0.672656728	1.283667354	-0.934860642	1.402395642	-0.07631852	;...
-0.273597522	-1.342978449	0.050759539	-0.712283682	0.029870671	;...
-1.814480006	0.323073629	-1.767965777	2.862462008	-0.705725206	;...
0.95351621	1.080234585	0.050878502	0.345083307	-1.364291692	;...
0.162312045	0.455470403	-0.182710136	-0.488799386	-1.994813213	;...
-0.566372554	0.24663838	0.606271689	-1.773603115	1.117581998	;...
0.46269647	-0.398144829	0.689440102	0.189591469	0.144771164	;...
-0.005980031	-0.552666005	-0.142716882	0.640437029	-0.16842941	;...
1.089199362	1.176036214	1.115697656	-1.285550535	-0.030381663	;...
-1.596828903	2.194187388	-0.419440247	0.763548305	-0.462151279	;...
-0.026493908	-0.740359229	-1.023235062	-0.477036837	0.918527026	;...
0.061429509	-0.484697611	0.114204984	0.889738874	-2.007379547	;...
-1.358211051	0.157607039	1.740518975	-0.458698187	-0.508776312	;...
-0.421009465	-0.692219565	-0.768382054	0.512683389	-0.744938933	;...
0.218586776	-0.263235094	-1.041907094	0.688542769	0.91240899	;...
-0.74242892	-1.449817423	0.665879269	1.01894344	0.028704282	;...
-0.259709245	-0.536586649	-1.702443423	0.246029017	2.689016706	;...
-0.124308286	0.544227665	1.003802538	-1.321221251	-0.359138176	;...
-1.711883036	-0.438044246	0.337981222	-0.703148382	-0.761295851	;...
1.497919329	0.631538603	0.847641641	1.063577799	1.223243537	;...
0.641479097	-0.916665759	-0.624100678	1.087405592	-1.284104823	;...
-0.834631453	-0.570340879	0.665801957	-1.749278324	0.497677503	;...
-0.209517993	-0.533959509	-0.427656521	-1.343913813	-0.375281198	;...
1.055540703	1.296439537	0.799387478	0.813070901	0.425518133	;...
-0.264442263	0.654245548	-1.834954772	0.428391445	0.204618139	;...
0.433369365	2.199248887	0.563296427	0.194919953	-0.366247488	;...
0.428348444	0.06361928	-0.005636587	0.746087786	0.482193952	;...
0.298336863	-0.673979918	0.942528134	-1.425524899	0.80325412	;...
0.189660177	-0.608327999	-0.77161389	0.371037485	1.59598976	;...
0.417056244	-0.230174252	-0.458645007	-0.634669594	0.320387425	;...
0.748340199	-0.381260314	0.157346439	1.090116223	1.500211359	;...
-0.516283915	-2.144783663	-0.507123525	0.806538909	0.040406387	;...
0.117814249	0.424288417	0.308039351	0.293465344	0.923549793	;...
-1.43183189	-0.685942224	-0.381695586	0.095612331	0.238651728	;...
0.992217147	-1.113589149	0.368495192	-1.341387886	1.493723498	;...
0.045615635	1.074648424	-0.290806682	-1.47118798	-1.102428896	;...
-0.037265447	0.815659156	0.954585216	1.887092758	-0.975825974	;...
-0.229441558	0.890463311	0.680403781	-1.933029401	-0.226736189	;...
-0.40920689	-0.426903735	-1.949302293	0.247762814	-0.732537562	;...
3.215719249	-0.710534369	-1.572098947	0.374248885	-0.901640749	;...
-0.096640323	-0.940180128	-0.578363774	2.607254186	-0.705292231	;...
-1.567659648	-0.656424912	-0.279619581	-0.994269019	-0.056541636	;...
0.932916584	-1.322801686	0.15170752	1.009515681	1.447058667	;...
-0.849518935	-0.364801872	0.062465589	-0.044844165	-0.141270929	;...
0.113502575	-0.563245184	-0.341984675	0.368004935	0.538128153	;...
0.482891863	-0.019925265	-0.352998158	-3.720464671	1.976356407	;...
0.325122885	-0.415421762	-0.578393945	-0.063935137	1.607622811	;...
1.008930459	-0.687469247	-0.067379951	0.274972245	0.596984553	;...
-0.498730493	-1.805142204	0.505870727	-1.075174171	-0.439004073	;...
-0.18290251	-1.773514753	-0.961644389	0.255932078	1.609924262	;...
-0.537813737	-1.740250191	0.513918392	-0.787729495	-1.595713844	;...
0.476522927	-0.419915103	-0.624470044	0.33228132	-1.054479161	;...
0.509720098	-0.440574853	0.696663332	0.310720616	-0.34019897	;...
0.687307759	-0.887184224	0.524908902	-1.067476966	0.871676871	;...
-0.421197183	-0.025921111	0.729485219	0.259354155	0.417784181	;...
-0.234100253	-0.054402551	-0.850084154	-0.072757799	0.695398133	;...
-0.340320533	-0.549988016	0.645754862	-0.790247559	-0.884486462	;...
1.75876926	-1.377845024	-0.449843128	1.496020761	-0.328218111	;...
0.201781926	-0.07466539	-1.345970463	0.403611322	0.716177477	;...
-0.111234278	-0.688898661	0.336938197	-2.574301698	1.413437496	;...
1.104513264	0.940943416	-1.62914702	0.158817923	0.436783618	;...
-1.14035368	0.598712148	-1.340258139	-0.327951007	-0.374122784	;...
-1.296587976	0.098519586	0.833822945	-0.932941615	0.635499846	;...
1.522524141	-1.745469629	0.961216015	1.848625634	0.56193283	;...
-0.203352216	-1.017920035	0.697676053	-0.52928576	-1.438512516	;...
